GPS_ORIGIN_LAT=36.5869133
GPS_ORIGIN_LON=-121.7559026
GPS_ORIGIN_ALT=231.9349051


